# Created by Octave 6.2.0, Tue Dec 05 14:25:47 2023 CET <chaussard@MacBook-Pro-de-Chaussard.local>
# name: u
# type: matrix
# rows: 500
# columns: 1
 63.088836722252381
 63.952005487344337
 55.910273629701408
 27.517052752993791
 -88.984006599060322
 80.744662993540715
 8.5617726349886141
 94.560615856782448
 -8.5259010354766787
 64.139836297371801
 -4.8583612751235137
 42.981015577367657
 32.046359700203055
 -30.105165011353051
 -79.186135099562918
 51.042661870233815
 15.339772688244224
 26.279201026795732
 82.360206659699486
 17.586301729966351
 -97.344785507349798
 77.119084867356179
 89.228289752531424
 54.957306555791234
 14.274183947795734
 80.907266815126263
 8.4497956667227641
 -15.228550885216222
 12.357537213275464
 -7.3068406041879967
 -78.809470719409433
 -86.787745548613017
 -15.570004469613835
 88.202394419486438
 34.696994874360229
 -19.141909064904894
 72.76971063222274
 63.66922107044374
 47.994756192743836
 61.460566934139479
 -90.224719293547921
 -79.777611909871382
 -35.391222037293545
 40.240843344067002
 82.086233124806995
 -35.301819332166076
 26.955810535904121
 40.338892346569509
 -25.73053669841056
 -23.217260646794855
 -8.4126783369056284
 42.613067448943696
 51.842826504769931
 -17.905565670271244
 -75.079288666422002
 18.216071369083281
 75.243286966395203
 -10.917360647337659
 2.5172906791138558
 -85.098361078479996
 -54.697034047561147
 -95.169345199146676
 -45.79333398239784
 98.277060929847238
 -84.392991703453305
 -58.039828383841339
 18.762328051880985
 -25.025011087323577
 26.932756193396699
 30.152211945349791
 61.743722870517701
 59.098633739309236
 -88.801380259010983
 2.8015121055725558
 19.938784073844644
 96.68405644719769
 -62.662899767230982
 -42.190995799901287
 -77.624827816118568
 90.430869489853961
 77.987891445225188
 -60.260991164356902
 -7.3494520612455148
 34.476398771953995
 51.517503619654605
 59.008835550078118
 10.204754853198409
 -8.3776376787690054
 -40.852428273052801
 -52.130839081471137
 -61.63791353958095
 42.757822692610546
 -48.029376652758856
 46.960581049560773
 -18.023741848431541
 71.087672708866165
 -38.621435536951722
 -84.38803745187937
 -52.053110906659498
 85.677872427761542
 -57.812164008106073
 96.413494265353648
 77.605739311053924
 -68.082430980584093
 40.668118030939155
 -43.335027036890452
 -83.553981973346666
 -34.987885890345936
 50.422536972408807
 92.058150834188268
 -68.146665864261138
 64.434601432357255
 95.880312123078937
 -81.239880142255942
 -29.155151485602858
 -50.591986101543405
 -61.429589921859119
 94.900453657118788
 -19.29504668483095
 0.72946131086119692
 35.123625379051759
 -4.983562476699106
 62.791654269436236
 -97.456051526392386
 -48.568806055991878
 8.2045529727119799
 48.510959067053761
 -92.316636562186645
 36.514817533131293
 -23.914940590415796
 32.589587413999936
 -22.523156012084385
 3.6524103337684011
 -41.429334978949584
 61.494482335258397
 98.867143154853352
 -84.518667619759327
 17.231093705976335
 -84.951008730194118
 -35.979416210160281
 16.399161687181703
 -97.760756275040833
 0.30899584275539382
 -95.564304657516814
 59.218694379160866
 -69.207523242272302
 -22.007315744001161
 -56.210529670411269
 -46.667771960147377
 73.557103310558716
 -37.90341999667384
 37.848715803170762
 -68.707591810898947
 98.308844245915054
 -60.511285717049688
 -16.23189688785726
 -55.161671132296
 -83.676747011564956
 89.348960917374797
 -67.756321784593339
 -15.326489825815642
 80.739592211106327
 46.290724749769538
 -41.651922815427397
 -44.815321239023319
 49.912472846471729
 66.973861117853829
 -40.151984332170443
 -72.860665299533238
 18.826789895332595
 -97.288458365785317
 -22.288764547502765
 0.13787250769392756
 -19.844710198815619
 36.008062433770647
 -63.892442786020887
 -56.200804398275039
 75.801320369287737
 -45.579983428694447
 13.08385446054055
 21.52273558973819
 12.694685522952454
 56.714454902477172
 -14.387070535035406
 49.781911146777162
 43.158082104327406
 -73.755975861205911
 85.590652499582006
 51.628715191779719
 54.36752625839361
 -95.915673606163864
 -90.199813342681082
 -67.650867492577007
 70.658252914503947
 -26.377019324771894
 44.754839567198758
 27.791833538999938
 -44.16835700894439
 -69.507597818688197
 -69.897315844674409
 -96.259831062898598
 -1.8762283301576161
 -10.992608515583257
 -8.872877335386093
 25.322805676448667
 -2.388314937793325
 25.514449341942708
 -63.078843080207122
 -85.18678420824925
 65.889184602729017
 66.679744817436728
 -31.510781780007818
 -6.8508855435132716
 82.22618778167103
 27.611657563492571
 31.673191929575637
 17.587321638228644
 -15.330365470488161
 -17.601361332801076
 30.78346184453892
 -34.924189151755101
 -93.880238987710712
 -85.309305492345302
 48.274592147958316
 79.614223631006041
 -56.767398728848192
 91.714539121836197
 -54.719957034769529
 -43.536618079272451
 97.310627734584244
 -74.146869169705298
 0.74083296631934559
 -94.967715277931902
 89.955073502303065
 83.024954432119159
 5.9736731811476744
 -70.322535750679037
 -27.104297485972211
 -33.107000462099151
 42.333678768835512
 -61.846372856322532
 79.735180488259971
 82.813357732122569
 10.964011427850792
 68.803888469758533
 -63.500176565997471
 -70.249748475136897
 -58.841174289807974
 43.625486709495675
 32.735623103647242
 40.566204405747811
 56.829398319233604
 -33.42626596830172
 -84.908505275987437
 -1.2483027748588995
 -32.163975033021885
 -70.994120140181508
 4.3401754142182227
 -7.3320696692016583
 24.197168515588046
 -62.435102913372042
 81.862655432425072
 50.529345873173583
 35.236584786771147
 -44.921174445325377
 44.406862894173514
 -43.521092082470943
 -4.9154812011507119
 79.971897434325996
 51.454925625522293
 -36.437269410369979
 -78.286846027447638
 -48.065316369016408
 9.4685746397351238
 -64.836059483872702
 68.200012219690421
 92.962270694270615
 -21.202505879288026
 27.290443090424162
 25.585779877568626
 -65.536744564761506
 -68.097495360114664
 -88.755565466588735
 -98.170497739931207
 -42.579191488576605
 -11.855088892708793
 -56.272974507166261
 56.820074715016659
 -76.989411076703163
 47.534682897737866
 91.691490858784306
 -72.007210097828533
 -3.6740305946542264
 -47.025364839264363
 6.4966650670830433
 16.373686661776162
 -41.551116486727004
 7.2234433809947234
 63.432808272450046
 -94.984571361560981
 40.723635325540158
 17.856647198635287
 -60.353397655096174
 -23.456804393274865
 -33.549287655026717
 -10.530945318241052
 -3.4725518207873165
 -79.887973785148333
 47.46168944003
 -97.775832444487889
 91.068902122142248
 51.149206000542193
 -75.36723119362081
 13.47105232543737
 -51.595632579300712
 23.324886180232014
 -24.913367393687949
 -76.339449873722984
 -81.489985160606011
 -52.475448623417307
 57.618724349261527
 -67.754525217888045
 -52.932084528975999
 73.915019578944055
 -6.7228892837778176
 98.518034118078958
 -20.095311557138487
 12.160299238781548
 10.1493312822777
 -64.527425145478688
 -44.695789273368746
 -55.769876658172457
 -85.980055638370146
 67.472959738856559
 -10.818077943764791
 95.115380634346849
 -72.860704895957724
 -14.000522711819997
 25.224853576489807
 -70.568888757095479
 97.50757958023425
 -13.891090973585406
 -76.191815029618652
 97.565948764112079
 -3.1676143895471967
 61.960072390760928
 -58.334154450265331
 -33.527828139565472
 57.805863207880151
 -23.384928941955138
 33.147476084590181
 67.339774196059977
 -88.513229930577623
 -37.93797580640372
 77.681886383191767
 99.815471707932488
 16.957478351566508
 12.732590589865353
 78.540427031954124
 50.31157201455332
 -53.588668120294528
 25.594594533488618
 92.194588543761625
 22.766433511310751
 -71.280006978408665
 62.592497966385764
 36.455828109980303
 43.934335811258876
 58.639511222184751
 -81.264468402599704
 17.998091789436018
 -58.052803341158501
 40.016607043998931
 -39.36268221868977
 96.287791332877561
 84.539088342522007
 -50.605248182821768
 -53.508189672262873
 -53.086801000786465
 42.481318356589412
 28.21257694879111
 -44.796839130631213
 48.731708517049839
 -50.208256749432302
